[gd_scene load_steps=7 format=3 uid="uid://b2ssoasj3jsxk"]

[ext_resource type="Script" path="res://script/power_up.gd" id="1_yx1n7"]

[sub_resource type="StandardMaterial3D" id="StandardMaterial3D_7qprj"]
albedo_color = Color(0.176471, 1, 1, 1)

[sub_resource type="BoxMesh" id="BoxMesh_5j1vj"]
size = Vector3(1, 0.1, 1)

[sub_resource type="StandardMaterial3D" id="StandardMaterial3D_ehfhv"]
albedo_color = Color(1, 0.0313726, 1, 1)

[sub_resource type="StandardMaterial3D" id="StandardMaterial3D_jt68m"]
albedo_color = Color(1, 1, 0.101961, 1)

[sub_resource type="BoxShape3D" id="BoxShape3D_k1epu"]

[node name="PowerUp" type="Area3D"]
transform = Transform3D(4, 0, 0, 0, 4, 0, 0, 0, 4, 0, 0, 0)
script = ExtResource("1_yx1n7")

[node name="shield" type="MeshInstance3D" parent="."]
transform = Transform3D(0.707107, 1.28028e-08, 0.707107, 0.63645, 0.435734, -0.63645, -0.30811, 0.900076, 0.30811, 0, 0, 0)
material_override = SubResource("StandardMaterial3D_7qprj")
mesh = SubResource("BoxMesh_5j1vj")

[node name="speed" type="MeshInstance3D" parent="."]
transform = Transform3D(0.707107, 1.28028e-08, 0.707107, 0.63645, 0.435734, -0.63645, -0.30811, 0.900076, 0.30811, 0, 0, 0)
visible = false
material_override = SubResource("StandardMaterial3D_ehfhv")
mesh = SubResource("BoxMesh_5j1vj")

[node name="freeze" type="MeshInstance3D" parent="."]
transform = Transform3D(0.707107, 1.28028e-08, 0.707107, 0.63645, 0.435734, -0.63645, -0.30811, 0.900076, 0.30811, 0, 0, 0)
visible = false
material_override = SubResource("StandardMaterial3D_jt68m")
mesh = SubResource("BoxMesh_5j1vj")

[node name="CollisionShape3D" type="CollisionShape3D" parent="."]
shape = SubResource("BoxShape3D_k1epu")

[connection signal="area_entered" from="." to="." method="_on_area_entered"]
[connection signal="body_entered" from="." to="." method="_on_body_entered"]
